[menuu.bmp]
moddate=e23f7fe2167bd501
width=1200
height=700
text=1;149;24;Press  Enter to continue;Agency FB;0.327500,0.832858,0.083333,0.000000;v1,4292170301,4290130983,128.000000,1.000000,0.000000,1.000000,400,0,49152;;
textactive=1
